3
4, 16, 16, 16, 2
0
0
0
0
0
0.6169127, -1.9539751, 1.1838712, 1.1838712
-0.37172186, 0.11592841, 0.98402065, 0.98402065
0.3402088, 0.4245614, -0.42656472, -0.42656472
-0.63633025, 0.37681785, 0.5940473, 0.5940473
0.49665034, -0.1541187, 0.008665952, 0.008665952
0.057955872, -0.15043172, -0.1866079, -0.1866079
-0.19293274, -0.44752842, -0.06084879, -0.06084879
0.17675991, 0.14153042, -0.38415167, -0.38415167
1.7213346, 2.1223476, 0.8261181, 0.8261181
2.9318068, -2.668459, 0.16946317, 0.16946317
-0.54881257, -1.9190406, 0.12558132, 0.12558132
1.0509279, -0.4353658, -1.2954859, -1.2954859
0.4342725, 0.41131705, 0.0020095487, 0.0020095487
0.43772033, -0.43684068, -0.11464035, -0.11464035
0.08283987, -0.68947166, 0.008103381, 0.008103381
0.17225629, -0.258815, -0.43074524, -0.43074524
0.09627479
-0.26160616
-0.053184845
0.5628965
0.67577636
-0.35954177
-0.14072655
0.71084005
0.425644
-0.5197078
0.41515967
-0.00027786702
0.41566223
0.5068301
-0.4287219
-0.440011
0.2732524, -0.6240345, -0.9498221, 1.6884309, -0.27220845, -1.010529, 0.2623729, 2.4860613, -0.8110317, -0.538397, -0.33179125, -2.341242, -0.35805243, -0.5626378, -0.9605707, -0.9605707
1.2303784, -0.82373726, -0.64203364, 0.63397455, -0.23904781, 0.17659155, 0.2391316, 1.3261374, -0.4995131, -0.6750225, 0.28254485, -1.1965517, -0.07372757, 0.6838213, 0.77284384, 0.77284384
-0.9874114, -1.1661366, -1.1701198, 0.14673156, -0.30885184, 0.13641953, -0.9547794, -0.15155831, -0.28764525, -1.7133073, -1.3408933, 0.8047705, -0.24015094, -0.02144448, 0.18560624, 0.18560624
0.20925564, 0.58776116, 0.3124307, -1.7697732, -0.35418046, 0.23817313, 0.7182791, -1.6335694, 0.7918091, 0.54268074, 0.85889447, 0.64971995, -0.14685397, -0.35694113, -0.10374377, -0.10374377
0.78387076, -0.21892104, -0.08409339, 0.7242866, 0.13188884, 0.15997918, 0.7579509, 0.38949546, -0.1812859, 0.1737796, 0.4189555, 0.5004902, -0.16769621, -0.0055154175, 0.018568989, 0.018568989
0.38361698, -0.7294808, 0.08596873, -0.045136333, -0.30579835, -4.9053617, -0.34151497, 0.23718406, -0.38712472, 0.16763206, -0.275731, 3.0193262, 0.05394881, -1.0760823, -0.19388434, -0.19388434
-0.4001845, -0.8068342, -1.0465142, -0.110119656, -0.20358588, -0.015967365, 0.28361148, 0.1004099, 0.053291786, -1.1877197, 0.07682232, 0.5586855, -0.37212187, -0.20612705, -0.104535215, -0.104535215
0.9540861, 0.5433566, 0.3735732, -1.0524889, -0.40633705, 1.0539902, 0.26069775, -1.6895431, 0.48897395, 0.16028763, 0.6752369, 0.97077686, -0.4537541, 0.03447575, -0.31756806, -0.31756806
0.882831, 0.35755616, 0.40431565, -0.13620894, -0.38626495, 0.8825271, 0.3868097, -0.97720325, -0.031795003, 0.13615303, 0.02874388, 0.66767025, 0.069134995, -0.38346997, -0.25588152, -0.25588152
-0.40469012, -1.110716, -0.7923415, 0.21747807, 0.078804165, -7.6985083, -0.78161216, 0.1146635, -0.48945472, -0.3763997, -1.0547103, 3.3132133, 0.08112808, 0.1853849, 0.05181435, 0.05181435
0.7040019, 0.31349325, -0.069569804, -0.29009265, -0.31651315, 0.8105669, 0.79756534, 0.5157282, 0.101579174, 0.2974105, 0.27655935, 0.036678646, 0.074688315, 0.17427944, 0.03820389, 0.03820389
-0.73982, -1.3971311, -1.8928505, -1.7826654, -0.2936206, -0.0861828, -0.67458826, -1.5887947, -0.49669507, -1.3426269, -0.5205856, 0.9731499, -0.4535042, 0.12850909, 1.1447508, 1.1447508
0.6708886, 0.34667522, 0.5017292, 0.7471219, 0.31913623, 0.4322942, 0.44332123, 0.6856714, 0.20631057, -0.350794, 0.8369232, -0.06138398, 0.29359847, 0.89498544, 0.43871325, 0.43871325
0.31499228, -0.031571202, -0.14379248, -1.0530567, -0.16875616, 0.08644118, -0.12890781, -1.2101983, 0.5873936, -0.12060784, -0.1456819, 0.81517494, -0.28595197, 0.22977778, -0.4074961, -0.4074961
-1.3752241, -1.668701, -1.2904211, -0.031038173, -0.13581026, -2.984948, -0.9517622, -0.103343055, -0.5793232, -1.3743887, -0.6580666, 1.6163114, 0.1126263, 0.2214803, 0.5391435, 0.5391435
-1.9067184, -2.2085812, -1.6240637, -0.26178843, -0.34745294, -7.2947164, -2.2500744, -0.07708602, -1.8652661, -1.5859437, -2.393069, 4.169551, -0.3865826, -0.8392702, -0.67383313, -0.67383313
0.75634634
0.3545858
0.4770527
-0.18059494
0.0
0.8148979
0.67260194
-0.2184364
0.71441424
0.34278777
0.67537993
0.15579525
-0.037090153
0.29650164
0.3063607
-0.013787349
-0.063034065, -0.18330793, 0.06725595, 0.4132481, 0.59871703, -0.11553757, 0.6081865, 0.7241509, 0.21761186, 0.32691172, -0.4516269, 0.032689862, 0.5156134, 0.6526499, 1.0970813, 1.0970813
-2.4382486, -1.4265214, 1.3298217, 0.9920301, 1.0095252, -0.46881568, 0.27895507, 1.3189934, -1.1973158, 1.0540125, -1.6194171, 1.1976123, -1.4423064, 1.3094978, 0.39937297, 0.39937297
-2.356451, -2.2586613, 1.515529, 0.790169, 1.1164222, 0.3500283, 0.2703938, 1.4981914, -2.0083978, 1.3715491, -1.5769554, 1.2583288, -2.3647072, 1.00308, 0.75742185, 0.75742185
1.7842019, -0.619144, -0.3482983, -0.16231847, -3.4957762, 0.2313149, -2.6325622, -0.740439, 1.5643977, -4.072756, 0.044746194, -2.766003, 1.3286151, -0.6559648, -4.7369366, -4.7369366
-0.20335689, -0.38614076, 0.42393878, -0.32261536, 0.019911468, -0.22874999, -0.38147017, -0.28893182, 0.28008357, 0.29390964, -0.38074377, 0.07311079, -0.028705299, -0.26037282, -0.22453694, -0.22453694
-0.060143683, -1.0378634, 1.0166478, 0.5651219, -0.077112556, -0.47177756, -0.41303822, 0.30653748, 0.6764761, -0.6952734, -0.16863775, 0.14580032, -0.2894056, 0.52703804, -1.3485683, -1.3485683
0.18628724, -1.0444145, 0.71952164, 1.1340427, 0.56101274, 0.21930529, 0.5407539, 0.8234146, 0.3282891, 0.6076095, -1.5947282, 0.9520222, -0.29074153, 1.1074675, 0.69434786, 0.69434786
1.8335656, -0.451461, -0.7832719, -0.7044649, -2.8743072, 0.12731794, -5.669423, -1.2249781, 1.262597, -2.72681, -0.3430941, -2.3490427, 0.64214784, -0.27300018, -4.9007573, -4.9007573
-2.120727, -0.8522123, 0.8922346, 1.3408428, 1.3713499, -0.06784067, 0.7242517, 1.3726807, -1.7937063, 0.94732976, -0.57704365, 1.3927581, -0.38419244, 1.1738267, 0.29778418, 0.29778418
-2.1898477, 0.037143365, 1.1661211, 0.59473896, 1.0193244, 0.16726536, 1.1168562, 1.2750827, -1.5629035, 0.74249035, -0.511369, 0.71286666, -1.1021793, 1.1585088, 0.9577746, 0.9577746
0.101566285, -0.59796786, 0.9820127, 0.6161763, 0.706163, -0.18085945, 0.26732534, 0.6770357, 0.021080475, 1.2287104, -0.46777156, 0.8376311, -0.21812707, 0.90724343, 0.6606731, 0.6606731
-3.93116, 1.1334947, -0.9150711, -0.56518435, 0.11619225, -0.29104948, 0.8499393, -0.93347627, -3.7984185, 0.41159752, 0.9118106, 0.036860976, 0.5692854, -0.59172356, 0.5893153, 0.5893153
-0.41129518, -0.18111101, -0.2691516, -0.1662273, -0.12407271, -0.10010147, 0.28971085, -0.25076655, -0.30372173, -0.07559652, 0.24806401, -0.28371915, -0.39454323, 0.3605733, 0.05454733, 0.05454733
0.84375364, -0.3991535, 0.28181547, 0.27665913, -0.049247757, -0.41110283, -0.37654728, -0.05916531, 0.4963647, 0.45126408, 0.42619294, 0.44795677, 0.059430126, 0.6703363, -0.19431482, -0.19431482
0.03168199, 0.02852786, 0.760965, 0.90212613, 1.2186785, 0.104331754, 0.51863384, 0.70212823, -0.16037062, 1.6272027, -0.18932925, 0.8152089, -0.8723088, 0.35862908, 1.1341312, 1.1341312
0.40129736, 0.39694256, -0.083228916, 0.26570386, -0.3077547, -0.24105603, -0.24972203, 0.13842572, -0.08195334, -0.30040842, 0.38738, -0.32591406, -0.40526217, -0.0026707822, -0.36421007, -0.36421007
0.1214048
0.043968674
0.78208864
0.5397552
0.67128927
-0.05449303
0.3910985
0.5181461
0.2809733
0.7093896
-0.13784206
0.5737115
0.056942664
0.55902725
0.6315192
0.24238122
0.37503716, -3.4630766, -2.9295003, 1.2720782, 0.71666634, 1.7846555, 0.68864065, 1.1424108, 1.4313847, 0.72153986, -0.084308006, 0.02044248, 0.5485586, -1.3806365, 1.2234348, 1.2234348
-2.0272381, -1.8486013, 1.381575, 0.4484002, -2.167605, 1.568707, 1.3715795, 1.4700247, -0.75650084, -1.7547923, 0.65161794, 1.3682721, 1.2676213, -1.0386503, -0.6606548, -0.6606548
0.40221682
0.58229566
